Payment #,Payment date,Remaining amount,Principal payment,interestRate payment,Total payment,interestRate rate,
1,11/15/2016,10000.0,357.3,58.33,415.63,7,
2,12/15/2016,9642.7,359.38,56.25,415.63,7,
3,01/15/2017,9283.32,361.48,54.15,415.63,7,
4,02/15/2017,8921.84,363.59,52.04,415.63,7,
5,03/15/2017,8558.25,365.71,49.92,415.63,7,
6,04/15/2017,8192.54,367.84,47.79,415.63,7,
7,05/15/2017,7824.7,369.99,45.64,415.63,7,
8,06/15/2017,7454.71,372.14,43.49,415.63,7,
9,07/15/2017,7082.57,374.32,41.31,415.63,7,
10,08/15/2017,6708.25,376.5,39.13,415.63,7,
11,09/15/2017,6331.75,378.69,36.94,415.63,7,
12,10/15/2017,5953.06,380.9,34.73,415.63,7,
13,11/15/2017,5572.16,383.13,32.5,415.63,7,
14,12/15/2017,5189.03,385.36,30.27,415.63,7,
15,01/15/2018,4803.67,387.61,28.02,415.63,7,
16,02/15/2018,4416.06,389.87,25.76,415.63,7,
17,03/15/2018,4026.19,392.14,23.49,415.63,7,
18,04/15/2018,3634.05,394.43,21.2,415.63,7,
19,05/15/2018,3239.62,396.73,18.9,415.63,7,
20,06/15/2018,2842.89,399.05,16.58,415.63,7,
21,07/15/2018,2443.84,401.37,14.26,415.63,7,
22,08/15/2018,2042.47,403.72,11.91,415.63,7,
23,09/15/2018,1638.75,406.07,9.56,415.63,7,
24,10/15/2018,1232.68,408.44,7.19,415.63,7,
25,11/15/2018,824.24,410.82,4.81,415.63,7,
26,12/15/2018,413.42,413.42,2.41,415.83,7,
Payment #,Payment date,Remaining amount,Principal payment,interestRate payment,Total payment,interestRate rate,
1,04/15/2017,10000.0,357.3,58.33,415.63,7,
2,05/15/2017,9642.7,359.38,56.25,415.63,7,
3,06/15/2017,9283.32,361.48,54.15,415.63,7,
4,07/15/2017,8921.84,363.59,52.04,415.63,7,
5,08/15/2017,8558.25,365.71,49.92,415.63,7,
6,09/15/2017,8192.54,367.84,47.79,415.63,7,
7,10/15/2017,7824.7,369.99,45.64,415.63,7,
8,11/15/2017,7454.71,372.14,43.49,415.63,7,
9,12/15/2017,7082.57,374.32,41.31,415.63,7,
10,01/15/2018,6708.25,376.5,39.13,415.63,7,
11,02/15/2018,6331.75,378.69,36.94,415.63,7,
12,03/15/2018,5953.06,380.9,34.73,415.63,7,
13,04/15/2018,5572.16,383.13,32.5,415.63,7,
14,05/15/2018,5189.03,385.36,30.27,415.63,7,
15,06/15/2018,4803.67,387.61,28.02,415.63,7,
16,07/15/2018,4416.06,389.87,25.76,415.63,7,
17,08/15/2018,4026.19,392.14,23.49,415.63,7,
18,09/15/2018,3634.05,394.43,21.2,415.63,7,
19,10/15/2018,3239.62,396.73,18.9,415.63,7,
20,11/15/2018,2842.89,399.05,16.58,415.63,7,
21,12/15/2018,2443.84,401.37,14.26,415.63,7,
22,01/15/2019,2042.47,403.72,11.91,415.63,7,
23,02/15/2019,1638.75,406.07,9.56,415.63,7,
24,03/15/2019,1232.68,408.44,7.19,415.63,7,
25,04/15/2019,824.24,410.82,4.81,415.63,7,
26,05/15/2019,413.42,413.42,2.41,415.83,7,
Payment #,Payment date,Remaining amount,Principal payment,interestRate payment,Total payment,interestRate rate,
1,04/15/2017,10000.0,357.3,58.33,415.63,7,
2,05/15/2017,9642.7,359.38,56.25,415.63,7,
3,06/15/2017,9283.32,361.48,54.15,415.63,7,
4,07/15/2017,8921.84,363.59,52.04,415.63,7,
5,08/15/2017,8558.25,365.71,49.92,415.63,7,
6,09/15/2017,8192.54,354.19,61.44,415.63,9,
7,10/15/2017,7838.35,356.84,58.79,415.63,9,
8,11/15/2017,7481.51,359.52,56.11,415.63,9,
9,12/15/2017,7121.99,362.22,53.41,415.63,9,
10,01/15/2018,6759.77,364.93,50.7,415.63,9,
11,02/15/2018,6394.84,367.67,47.96,415.63,9,
12,03/15/2018,6027.17,370.43,45.2,415.63,9,
13,04/15/2018,5656.74,373.2,42.43,415.63,9,
14,05/15/2018,5283.54,376.0,39.63,415.63,9,
15,06/15/2018,4907.54,378.82,36.81,415.63,9,
16,07/15/2018,4528.72,381.66,33.97,415.63,9,
17,08/15/2018,4147.06,384.53,31.1,415.63,9,
18,09/15/2018,3762.53,387.41,28.22,415.63,9,
19,10/15/2018,3375.12,390.32,25.31,415.63,9,
20,11/15/2018,2984.8,393.24,22.39,415.63,9,
21,12/15/2018,2591.56,396.19,19.44,415.63,9,
22,01/15/2019,2195.37,399.16,16.47,415.63,9,
23,02/15/2019,1796.21,402.16,13.47,415.63,9,
24,03/15/2019,1394.05,405.17,10.46,415.63,9,
25,04/15/2019,988.88,408.21,7.42,415.63,9,
26,05/15/2019,580.67,580.67,4.36,585.03,9,
